N=25
obs_time=20.0000000000
true_s=73.0000000000
sigma_a=18.0000000000
trials=5000
bias=0.0015886949
variance=2.7135183314
mse=2.7129781517
crlb=2.6933468586
