tau_i_star=1.8000000000
det_numerator=2.2000000000
